198129362384584704
198402351172816896
314120114813419520
345092669678186496
874883501627256832
806068884516274176
828217116222488576
266103619902898176
559140728925065217
828712332884852738
194706756943880192
171701097596059648
601009454612635648
874125148596600832
760472246284591104
796628184154472448
504656731604271107
877429661579530240
864130782029336576
834709384865386496
833968709534367745
821490342029651968
670737647065817088
447820568298274816
442749324041416704
334750980832899073
293119156763635712
212567060201472000
197755678469799937
192369045327183872
176359656032186368
163015297677279232
152042153357484032
103541852711555072
9613581481943040
150297001773371394
159321386463133696
163352186099732480
95819116732088321
345629163299958785
240041769016905728
240039822465593344
295175810879471617
176277101001973760
295270222305300480
159724934766137345
244896102590070784
221542636786429952
345952725378428928
18995768399
343656062211207168
328582074820882433
267712401254805504
242728174398603264
201394916222451712
163372620060950528
125195872307904512
866848067932344321
722773409432801280
865584891655626752
776475031463301120
775784810493063168
729722469301497856
573485424892575744
697154628807479300
709834029676273664
728887530213523456
888892032458121216
486807982001631232
910909378747879425
943601918684876801
901164074112778240
890213494246830081
887256862667792384
885041086284091392
869994840364371969
867643067200831489
864738270810439680
821438899365052416
819561811158724608
704725302346436609
682142271546892288
591331499594526720
485142920526589953
417990535367131136
331313275650330624
316619844126654466
300711976651333633
260432184744239104
254696948689412096
197947835210141696
286562103358283776
368512258751479808
217175406611148800
163371983726329857
345980662567809024
216661535332904962
295271400346902528
213681907232276481
345960745307095040
299507423876612097
343818637775360001
343433409865056257
162615574256553984
342663844247781376
463068889996599296
555465546100379649
523811672582914049
203162027680735233
220437765077221376
555665387048960000
295271321955356673
215158855393492992
295270524467175424
295270454552313857
295270741539176450
51716833379753984
295276871451549696
940442471208714240
940300674780352512
939922319530749953
939509394521427968
939193309444100096
938514904016879616
938491434105294849
938382539131183104
664888734337392640
409814701527150592
361982361358970880
346003777825951744
299132009840771072
295271362577178624
268061719358750721
235065436880916480
219024410991005696
175730075457695744
163372670757519360
163372646367629313
163372042211704832
163351953072599040
136060603285504001
125637516811436032
92304640145756161
68377307370364928
60460406505865216
22671099560992769
27065616518
17043268618
881225763298705409
919639050218242049
858061414132568065
861352581251072001
875966190652469252
914460851553390593
862754413093556224
910445621294886912
884557382398992384
864197952708980736
859860376724398082
915840781738487808
912725493794910210
905912146499956737
912052024300199937
863345156396912640
932680998881497088
859808227818655745
896748199154765824
860986057503985666
861294170983591936
860606667150503936
880129440428195840
869216656849063936
859477603136270337
864839518314258432
861297365801684995
881149636039278592
880804415917174785
864137570590101505
874906860494757894
923635603392036866
923636721929080833
860272212296839197
939945333009932290
937680742141845504
931369697702014977
930144566078033920
925048783335026688
922147421307760640
918500000782577665
917885775387222017
916618743727484928
912948315876155392
911589738821357569
909367071724769281
902527946942013440
901037938217283584
900715036418744320
894847837065838592
893170897061912576
893062861504880640
889573637816295424
887939883997818880
885147945657487360
881869250125852673
881538179001700353
881225394531295232
879715473604177925
879442548330299392
879418207995604992
877572422983184384
877172176826322945
875041262994378753
873833604085841921
873051388892200961
871799906821959682
871660205272174592
871328140265742336
870404600960090112
869209447637413888
868002117998522368
864814174081343493
864565053282017281
864341609952956416
864053232544481280
863703909357035520
863661855151194113
863288874474373121
862937383779663872
862042985659289600
861324457805307906
861285574174552069
861240857890099200
861177518098964482
860582201594982401
860220809700421632
859846423289921536
859417108039520256
859406678009294848
859114773459460096
859086300279955457
858927613112459264
858397773338726401
858272564723974144
857706889097949185
857597904005070848
857544810227544064
857325154652835842
857270804924551169
856812420274290688
856738810813665281
856575759657431040
856390396674543616
856379935178489856
856277308604370947
856238453851336705
856214922002345984
855407766466437120
855356530773897216
854016418735640576
853719783451262978
853025016086233088
852163123872182273
851683292080480257
851543867199553536
850845942223908864
850067058545000450
847095003453313024
845621863770415110
843934740080156672
843565446234292224
842824336889274368
842108443146219522
841996847744983040
840522555685523457
839916529030397952
834720644130553856
832709835942563840
832616447834624000
831104016516055042
828321194088787968
827924160642953217
826947852941291521
826908869939097604
825969189072601088
819160140381306880
811571581600272384
807591551606067200
799329970111807488
798847979318755337
798847036313387011
798642082885857280
798618134433464320
783595211398246400
771989623081955329
771406025052213248
770690633044459520
770662742789357568
770634313872318464
770589350694445056
768783055519645697
767981517477912576
752947555521138688
749346582517190657
736932062133948416
735347165237760000
725724138204237825
721794174928994305
721221679138148352
720738018253017089
684125791177814017
673929431069626369
633419773167173632
613799579192987648
610847653027557377
610717113167298561
606795808806191104
568401719962554368
568091215872331776
567710956084797441
552736448542412800
540870840896987137
504615806580572161
755379371683217409
823744184309993472
761510155318067200
863830385003831300
909321240300720128
207771077886230528
839037872829263877
191894847941124096
777635907478425600
911617240415563778
191884273907793920
435122393263005696
163404307436277761
192320074017804288
918598031519420418
238171306644873216
497494481877618688
175584948793769984
838814628243193857
198367511882903553
167732376594681856
938031823778729984
937494996936220672
936698739183497216
899331752954662914
897763359831011333
880420965171302400
879703105264381952
879345559957590016
877095155513405441
874120372907651072
856260964009824262
852848039249235968
852236353114951682
852208021015023618
848610336232140805
847807718996004864
845713655656333313
843361071058620416
841961991614922754
841547222915375105
761619963241197568
701186360116441088
677538958214078465
615919896312975360
582248664711708672
574139633098964992
559773711122042880
547131744127049728
463384932329717760
447830007172567040
435123709813465088
369482546129547264
336758054580264961
330975911493115904
325572582562734080
322423221288841216
316453669300236290
316311470835109890
315784315499843584
252357488664514560
237467244899209216
211901225971625985
208864001503920128
200186984445124608
198367979719766018
195494612020891650
194124843803885569
194124680829997056
193446819072712704
190110818019454976
187255357654048768
181412066094088192
176694573685407744
172950775952191488
160743505319305216
160088528364122113
154609877774385153
13451794490
943508703927521280
917788567002402816
915240380618149893
904645464166993922
900049756277395461
879680489866526720
878037420427669504
877449795312508929
864837881474539520
861342010225025024
859112021744377857
856214741471166465
855492801919954950
849659545517522944
845396875805184000
845214366161080320
837678733301542915
869617419001659392
739804368749400064
476132280042553345
458870018441486336
412334803938443264
315549072889085952
304991354965065728
296008303505444864
292937952944848896
195890741136998400
96968351661834240
558220610229534720
536965483506204672
855363709635624962
512964292530802688
743150407665455104
425665065988014080
543538481109401600
418444954495496193
841949946354012166
294839221573779456
810906610298187776
493834460866293760
796811387205021698
910818710138556421
420801798312448000
868567601588449280
656482819359776768
843240952399613952
943067676422955009
941204023910088704
891342115564912642
847898051557675008
820624467697299457
819644206352396288
801381361286336512
665887333431050240
649481840437424128
642278031244021760
623576496767135744
577883284983648258
576139987231629312
573241832638971905
566255382960799744
553229765386444800
546292770328285184
543550059024220160
520591166698688512
433727291571449856
423822489005731841
420666666184622081
407543506907832320
267402158750707712
255425519271686144
855358350321647616
808304725691011072
428607483037642752
359986391691698176
329012447560216576
313712031154987009
194124229942329344
194099013044273152
190189560641224704
190177109623320576
183881245833433088
173576160117137408
173557602310045696
927458590180261888
870165212518809600
856975368930177024
847063291797037056
830748503836082177
823811279798337536
775629035661582336
744839079120994304
741041254516023296
731953876727939072
653618904879788034
604184229946232832
595637859190702080
594112633155911680
591659524882374656
555343618043822080
538035392583589889
536326451641864193
523291286573711360
489046813862031361
486094206969344000
485723283359551488
470200765558964225
457590702344777728
445572016507478016
442340517398200320
400865641785475072
392340287391277056
390780781225721856
377154466338045952
375775543234682880
357135314097143808
341593241868726272
326588766766645248
311432252850581505
240819413685784576
225932719513825280
129979332943806466
943766249678557185
943503421155495936
943447905083543552
939925391082389505
938108370141278208
937614804969287682
937416721417297921
937347790371524609
936123493221044225
935565691830329344
935149026676236288
933600080959098885
933321217267916800
931407018912616449
929769457542627328
927280669700558848
927190218352091136
925354326951972864
924895269149388800
923092975919431682
919805978463391744
914504373538930688
912212757902237696
911590373834809344
909641115678183424
908478378575060995
902509217608867840
901831144743849987
898856095136882689
892637518818103296
892186937544585216
891558867368374272
889927872193982464
889860123627315200
889373162252754944
887760754367234048
881949118851149824
881876368354619392
881574413279387648
878239663340892160
875237467846299648
872113619080761346
864715642657755139
864369289423441920
861849628731482112
860744065721262080
859299589987471360
854777772862001153
849863428588154880
849641778110238720
847483009229922305
847344625547214848
846639197188448257
845284732023820289
842619571408375808
839753843831357440
839742019689918464
838812414737068032
837390932861415425
835640596203188229
826056301813841920
825970693615542272
824132288392888321
822355112962170880
822169658543505409
821026199791173633
820895649151545344
819979687829139457
819454905731739648
816669641208643584
816638031151136768
815363758788902913
814869085792202753
814537565877444609
814162092177686528
814068163864367104
813653914750947328
812388306377961472
812379907279962117
812351133712809989
809468639862804480
809289453005115392
803941197215662084
803884923409072128
803857268378927104
803643332710793216
801490446828654592
799637539325964288
799511309834395649
795920276726972420
794109142785019904
790949598223273984
789392741620854789
787045165965926404
786420681466605568
783989075648843776
783315171360014336
781872256184094721
781575603539542016
780783343931691008
779362110237208576
778277822121009154
772699678249025536
771733175366197248
769248824909033472
769167169200517120
766669740450451456
766322981169758209
763398542799073281
759115959076552704
758733215376871426
758711799948730368
756558290029608961
755526886084714496
755496731656196096
752862981508169728
751080570847920128
748421735066800128
746016952561303552
744591623103877124
743856603200393216
743368141548453888
743099064099713024
742969874050342912
741715929541816320
741229847066890240
741143182419894272
740477412283195392
739778738150375425
738390133439909890
737885862017536000
735178831003160578
733330145604435969
729359948996616192
729326008915136512
727902353073045509
723237749982126081
715212694421434368
715146452209631232
714684544021041152
714065738122833920
713313612379648000
713249695615873025
709297580434448385
707102079626702848
706918943349415937
705069870296256513
699965930361774081
699281909759737858
694086700189007872
692424648856829953
691888421065875456
691864908212932609
691625754233274368
690868543026499585
690089009025015808
689760020024655872
689556210136268801
689550031452512257
689027655803473920
682477235010428930
675024666717720576
674214522161336320
672718904712654848
670267337615015936
660849985601347585
659260572295409664
657916344030113792
656452535620866048
656366431542595584
651003686399950848
650206616567054336
644908406365650944
643111204978884608
642636929813643264
638827645933719552
634655269604208640
632083161996988416
631536489797681154
631090227017203712
628531595838947328
627970110054137856
627108511445594112
623523362401349632
623515177380642816
622092104005734400
621346469979779073
616269443749027840
616252541769281536
613972625379971072
611202076530581504
610705205320155136
609043616661688320
608601040020238336
606853755099840512
605392347837427712
604275631350747136
604173891582464000
599247244009811968
595795874757869568
595329895309381633
593292068807671808
591335828678430720
590915491348242432
590442728745525248
590422226375180289
590394656778747904
585446896216449024
582958044868407296
580253800491053056
578601931653935104
578270073233760256
578267027875442688
578187863667400705
835492910464446465
800262683232768000
823304987946184705
854647906057498624
890866378118443009
823602495356334081
907665053054324736
796368123771363328
909227973483618304
828040406717837314
808689499140198401
864974451766472704
915899484445593601
841064005154295812
905569567598104576
914747030714626048
839906585501663233
840484252802273280
796706414601371648
796453809279139840
917376720566702080
908398431277854722
880447510501838848
858792592770772996
796265069566984192
819015541092417538
796251437256900608
833842707294515205
937783468687314946
936150686017912832
931444274465595392
911498169518891008
910171680009539586
906094513315295232
888865132939530242
881798638657253377
880134263085182976
874706012061790208
873184347607756800
870728913495916544
870367560050638848
869910409679130624
866048338394845186
856964498334384128
855839206748368896
853279486019764224
849757657829437440
847393743825100802
846808843510321152
842782595364651011
839477600221282306
835284395061882882
831834350408839168
831112363109658625
830812522286571520
825991152444772352
825907362955399168
825807250916798464
824745446497275908
824541022378192896
819966525247524864
819340910962081793
818702533682139137
809122807015702528
808070448420388864
807224443156262912
802247011772735488
801809813328031745
799612809298513920
798418843156807680
796883213566222336
796849182195744772
796437036806918148
796333517688799237
796307099751849984
796287487421386752
796275061212770304
796264903900327936
796263207841255425
796245874556960769
796245431386800128
796234771194118144
796209077294465024
796194641129472000
796152016980545538
794904255543054336
794582030717689856
794479261671452672
790197112084586496
784522806096789504
778276578971283456
765181275166605312
764351647430668288
745178532192522240
743351261429280768
742485877272805376
742287058492923905
740978774267793408
734367052295733248
715355980826066944
708061306977427457
707492271990644736
706665179807924226
704973964590903296
701421429829402626
694607901344665600
689889174443421696
676330964356898816
675084646586195969
630369546633875456
64928681621069824
933750223591084034
883389772592365569
565249355930955776
562297310068371456
496621180506611712
452848241802219520
402832656724815872
396410064233566210
393298632650526720
362597689008984064
351693264442757122
348908226361823233
255315181683482625
250872096694104064
245037936859553793
67861725415878656

